
SHANK 1 (ROSTRAL):
17,18,20,21,22,24,25,26,48,49,50,51,1,2,3,4,5,6,27,28,29,30,31,32,7,8,10,11,12,14,15,16,44,45,46,47,33,34,35,36,37,38,39,40,41,42,43,13,19,9,23,64

SHANK 2:
52,53,54,55,56,57,58,59,60,61,62,63,1,2,3,4,5,6,27,28,29,30,31,32,7,8,10,11,12,14,15,16,44,45,46,47,33,34,35,36,37,38,39,40,41,42,43,13,19,9,23,64

SHANK 3:
52,53,54,55,56,57,58,59,60,61,62,63,17,18,20,21,22,24,25,26,48,49,50,51,7,8,10,11,12,14,15,16,44,45,46,47,33,34,35,36,37,38,39,40,41,42,43,13,19,9,23,64

SHANK 4:
52,53,54,55,56,57,58,59,60,61,62,63,17,18,20,21,22,24,25,26,48,49,50,51,1,2,3,4,5,6,27,28,29,30,31,32,33,34,35,36,37,38,39,40,41,42,43,13,19,9,23,64

SHANK 5 (CAUDAL):
52,53,54,55,56,57,58,59,60,61,62,63,17,18,20,21,22,24,25,26,48,49,50,51,1,2,3,4,5,6,27,28,29,30,31,32,7,8,10,11,12,14,15,16,44,45,46,47,13,19,9,23,64

EXTRA SITES:
52,53,54,55,56,57,58,59,60,61,62,63,17,18,20,21,22,24,25,26,48,49,50,51,1,2,3,4,5,6,27,28,29,30,31,32,7,8,10,11,12,14,15,16,44,45,46,47,33,34,35,36,37,38,39,40,41,42,43,64


